16838
5758
10113
17515
31051
5627
23010
7419
16212
4086
2749
12767
9084
12060
32225
17543
25089
21183
25137
25566
26966
4978
20495
10311
11367
30054
17031
13145
19882
25736
30524
28505
28394
22102
24851
19067
12754
11653
6561
27096
13628
15188
32085
4143
6967
31406
24165
13403
25562
24834
31353
920
10444
24803
7962
19318
1422
31327
10457
1945
14479
29983
18751
3894
18670
8259
16248
7757
15629
13306
28606
13990
11738
12516
1414
5262
17116
22825
3181
13134
25343
8022
11233
7536
9760
9979
29071
1201
21336
13061
22160
24005
30729
7644
27475
31693
25514
14139
22088
26521
5202
9171
4434
28317
24582
6815
4586
9653
26306
7174
18451
23448
6473
32434
8193
14110
24748
28210
29320
32049
12956
14162
4166
14997
7793
32310
21391
19799
7926
14905
25885
2582
15610
5000
8052
30965
20120
32380
15639
26204
24385
12475
15725
17265
3214
19471
11376
4697
25543
23297
14619
23087
3123
31549
18065
24256
18973
20901
25613
6157
9899
9267
22413
9598
18526
13711
10046
14566
18536
15988
19878
13626
4273
8387
1171
32017
3752
12388
21191
11483
18122
11744
18528
15585
5363
20159
5641
18176
9575
28578
27363
27685
29344
19489
17713
5511
21461
22626
8645
3496
26703
6270
13870
11529
27499
4500
8607
5808
15725
12457
16542
16474
11531
17222
3952
17024
19894
24015
18247
11276
26278
19365
8746
21976
18092
25851
29088
29163
2231
26233
29732
21106
5411
9874
5448
9344
27589
17574
1191
6789
695
11735
20364
17040
17892
5035
26979
1092
850
12390
20195
668
20531
29989
12281
23902
12970
32186
19571
3680
7261
26187
28529
24190
446
24233
13708
11863
6681
6001
2499
3786
5214
25829
1322
25907
19628
13192
7505
5990
20129
10875
19829
31591
12388
6042
9833
1775
4719
342
28994
31392
20509
31313
20677
1282
11511
4795
3474
6469
2750
879
30989
30134
29752
28364
4880
5629
2235
21332
24145
3356
5243
3079
3988
807
24979
31357
914
21187
3540
14022
10149
609
29009
24833
16696
5432
24999
28863
16369
28676
24077
7701
1691
19840
28703
16515
22229
32420
19817
16264
19324
29343
1462
28929
3546
17043
18967
325
12683
15634
6322
16642
25395
11612
22864
29910
21985
23126
13988
685
6978
31050
16476
6365
21126
4193
8681
11011
23058
1249
31247
24731
28650
20774
7980
20833
27868
7778
23624
11115
1645
15892
29408
7939
17285
16202
28018
11334
4058
7062
3784
11901
6684
14289
27141
16702
26853
13458
28528
23363
21087
19052
31235
15109
17075
11755
10675
288
32053
14157
5758
5222
17488
18945
10294
11200
5171
14305
7951
6601
23608
7214
6377
13865
25369
27215
8030
177
16849
11337
2699
23099
8531
11517
17567
28479
9966
2597
14885
12341
15227
27149
785
29615
6476
20753
4236
7730
19668
21210
27519
27608
5142
6999
20449
14246
18638
2941
12481
23726
16738
26047
28947
3300
21639
17996
23866
14785
27571
25356
12633
27289
20551
20312
14426
7357
8056
16252
20410
2384
4353
2029
23579
27882
31882
21577
31368
11502
18902
21012
31365
30379
14256
19244
27870
13365
9619
27665
21293
29441
19484
12759
15400
6211
4144
15335
22704
32520
23789
32121
21913
23571
12369
2770
1594
887
18093
32317
11188
27640
4295
12490
25859
3106
24786
17097
5062
27943
31247
12292
16846
3962
28479
27584
21352
32044
31695
16498
4714
9737
17346
28482
24064
24946
9822
19265
2868
12792
3990
19561
16959
9917
29754
22104
25745
30347
25825
11980
18338
12465
25490
24541
20599
8097
26677
510
15347
14667
16316
10673
8163
14647
12817
29965
28871
16485
6846
29937
6241
5861
24670
28166
26879
27445
30407
11638
31113
11101
22516
28014
13898
21452
8117
1364
12926
20465
13845
25032
1696
18585
13455
92
18288
31755
29167
27412
25030
31717
24842
28572
26393
27828
11805
3660
5838
9046
18182
23772
12354
15377
14885
22759
22934
1903
6159
26145
10045
26847
17401
29783
4167
781
24287
2347
23402
19964
14711
10637
20693
29417
30937
24313
15541
2528
23019
21618
3716
5402
16270
18242
8468
22045
30602
18286
30559
22674
25146
1019
31243
20197
26870
7908
448
7327
28485
17622
14890
10883
10943
1201
10701
24682
3524
8895
27276
24798
12511
25522
24311
25209
26359
2912
28759
17148
26683
2877
8571
12334
16331
7324
577
635
26663
17061
20451
9544
16984
28693
19975
10519
21472
19641
9349
23391
30563
22184
19958
41
27666
23363
25344
2410
28635
1006
20068
26660
20562
29323
13764
21307
7773
10683
9013
8216
28834
15571
15241
2303
24754
928
3417
32048
12018
19931
17621
22209
14669
21098
20555
4662
12444
22109
16760
25574
14544
18339
30610
18189
24549
18320
24081
25264
6022
24847
19521
24628
7552
26278
20873
4029
32489
13359
31352
30279
8717
20560
23189
8583
795
10687
26339
23935
3988
27703
27958
10212
19567
10553
13368
32047
13068
20611
4154
23429
28895
13393
30908
5960
30169
5462
27323
23929
32149
29305
9149
32724
32584
6224
413
26281
12389
11357
4887
17532
1555
12299
9490
26460
24911
14183
22704
17412
20961
20382
3608
5811
7168
20794
12286
13771
27844
6684
11255
29227
26960
27448
9086
8526
1211
26131
8645
11552
18627
26110
25149
17828
32048
12559
29668
4167
23050
15588
17746
28929
12410
791
25985
18737
13952
8576
1375
18485
24922
16941
1557
10700
31408
1826
8213
32301
23680
30161
28390
22500
32716
7768
28079
31599
18949
31357
12421
27804
17717
16490
26228
30112
12016
9512
28751
1015
2553
19164
6200
30464
7859
22212
13806
15444
5710
27377
19417
21994
7341
32706
26839
9707
13593
22820
23236
7254
11688
5003
32203
8788
23915
1199
13424
24408
6490
27655
21593
13310
3072
12038
5087
1697
23526
7448
17497
15802
19649
30555
25891
1020
18267
14366
23408
12848
29762
22042
23252
31440
21810
32626
19088
13158
2370
2156
13213
22434
10193
2541
887
8766
24112
27574
12206
22418
15373
22113
1582
7670
23202
18714
13897
32731
19105
20253
24201
29608
29918
4338
11064
1366
22970
15723
20907
32202
23379
1626
29779
9206
32365
11539
15233
29614
19999
23205
12028
26186
20029
16343
7237
10497
10377
14564
5540
23808
152
28918
22011
15693
6790
16740
5446
18015
16473
18604
6645
15225
4662
29999
4842
9674
11590
32687
1616
10566
21862
4489
24865
19266
3473
4785
29558
1746
19213
23410
25997
19171
12120
17891
29084
15895
29905
23336
28248
25699
31271
6254
30276
619
6274
1956
14266
23192
12403
10234
14779
8191
6556
25114
8566
15090
24863
1065
17561
15202
712
380
5211
5371
2297
29210
11590
253
16217
3574
6085
8667
25660
8169
1393
17558
1232
11377
5916
23512
28685
18476
30617
4304
27738
23058
22353
1488
7168
17781
5255
9896
15439
14266
7270
8896
11154
5589
20688
27895
25012
17798
32485
23871
18351
20053
12885
20469
6584
3662
29030
24321
16428
32381
11716
4274
19256
17192
30220
6230
32075
975
13335
1180
4157
18148
1031
30635
8508
19786
28690
17662
28539
10640
7441
4358
22937
3818
13255
20093
17873
5107
4850
13708
24807
25893
5652
4252
24526
8980
31998
31484
12313
26733
16417
27959
17192
13234
23956
13107
24591
12467
27364
10250
10309
7627
30623
21416
15121
18656
3231
17961
9140
24600
21527
19695
32343
4700
13919
23942
32691
15245
30591
21049
19330
6281
8573
21617
17833
16092
18279
4304
18978
21574
27935
4369
30635
16881
8169
22430
31024
24431
2998
6382
31225
20853
6446
11941
12436
6233
24703
8297
11392
2637
31976
24197
21150
13657
3332
2624
13400
25882
27607
26619
11662
18492
28314
22285
30021
29113
13126
27487
3342
12750
19426
1222
15160
706
21133
36
31669
1366
12875
24125
5069
18699
12431
31833
13444
23574
908
15007
22476
24356
316
11308
17515
6350
13101
11510
25770
17626
23310
31076
23491
6967
13309
9129
1544
19127
31886
740
20435
25482
5531
30713
3889
28030
16846
9261
19533
9720
20975
28035
9374
8625
18926
27866
13520
20018
19120
8643
13683
3853
19610
2084
13926
29409
30430
27534
9474
15371
8072
5213
2310
14636
16455
10901
9285
10591
27644
27255
24849
10295
4356
1766
15206
23931
5190
21885
4310
27809
4347
8301
824
24587
18752
14871
23056
3075
4957
11885
3773
9592
20435
11785
28517
2166
13351
3850
1185
27239
30321
32690
9703
29707
9635
18112
26811
32569
15002
11662
22165
29779
11750
28651
5521
906
7770
19894
28633
13783
21586
6719
26066
4532
11719
25949
14089
20382
16148
6735
3548
23116
13445
12371
14824
5804
16549
18696
9526
12194
9028
22660
28708
24960
5450
13109
24597
323
9535
7544
3288
15251
20630
14587
30937
18297
26044
27603
10
2270
31461
7516
18831
24263
1425
25812
10284
6482
24288
1463
5487
21360
16539
21976
13213
11360
1790
26948
605
7407
17223
8150
12838
25713
27391
28826
17002
18813
12299
3810
22143
10860
19825
17706
27986
6544
21739
8621
26570
309
18734
20675
2557
2905
4343
16641
25365
18730
3802
27919
18433
22084
27082
26439
19675
29607
21095
787
26908
22138
20747
14339
12930
9857
26771
6833
23228
26720
6637
1877
23515
20365
5222
23079
32633
13334
7857
20856
11431
10264
1206
30095
10392
26875
5664
8772
13838
10350
421
3678
16264
26918
6420
27822
30760
27478
18976
744
8038
25837
22510
21060
21367
402
8544
11736
7803
26208
31
23220
10857
13665
3179
5563
18363
19660
20898
6980
13017
15870
16273
3188
17478
14394
25726
20057
30604
25377
15345
16071
29928
25840
7750
23283
2486
4219
7412
13265
15259
30445
22427
19501
25204
22845
5583
15499
29953
13679
12711
14528
29777
27535
7940
21325
8685
13934
7073
6782
27844
29723
21471
27463
16602
31264
2126
5593
9647
29058
32763
12295
22384
30326
21372
12636
18144
30691
23740
13560
11268
4764
22407
32047
6033
25690
32468
5344
12054
4730
13014
10901
32745
124
29633
351
5331
29239
15708
4975
14971
5597
3915
17012
7827
12723
11802
12728
13764
29069
26889
9722
5210
4106
28826
1801
9647
22421
2523
24357
28249
14103
10868
29717
17683
26236
18799
22024
11884
22252
28874
44
18225
27334
23486
26384
27035
12636
11725
4282
31033
8817
3726
4744
412
5491
13880
4295
5060
28792
14064
7189
3661
19195
3794
2167
15449
83
20161
6713
30524
28151
25071
9353
14058
22899
16939
30162
15649
14889
9454
11737
18262
25288
27940
22938
29537
18062
28090
28896
17128
22077
18667
4519
27019
12510
30795
5425
20948
9273
18832
23274
1245
14607
23587
25853
24766
18206
27499
8882
18877
19666
29140
1166
16949
1739
28833
13865
5442
787
26743
6605
50
11291
20133
25043
1707
1914
2868
25534
23964
9318
19378
276
6372
30190
14015
16896
1989
5373
19540
32169
27655
9743
32470
11344
30700
24240
20703
16172
16087
26297
967
6661
1211
4426
8948
2706
6212
10630
30694
22932
9160
20241
13057
20911
8428
7755
21785
22539
23318
8265
9664
29358
11414
16023
16975
22679
25235
14000
4533
26523
29623
18746
10498
7169
30106
8450
27826
26076
31984
11706
31418
30763
21617
28276
10580
28081
13963
26589
9867
24469
30154
16954
1157
18874
16387
19236
16020
22748
26692
22275
763
32367
25467
15948
19840
26168
25577
29306
7862
10664
16196
26318
23559
23803
2991
18630
9347
21013
8026
17501
9836
11543
24313
20488
16765
9924
1766
15469
510
6295
23317
993
16521
11936
27067
5544
29337
23330
19646
6380
30680
26606
5595
25465
28709
16766
20889
8254
26215
22480
19697
24964
23572
12552
2490
6891
384
2501
3542
16169
9958
7999
31007
32130
12856
32549
3599
23303
9638
31032
6449
9102
752
3751
25419
28277
5996
31529
6728
13078
31958
13277
23784
10504
23259
30689
21798
28699
13668
20148
3436
15378
21411
4172
27769
30
3038
21238
1038
22047
32766
23282
7772
7578
5846
26570
13869
3704
15925
31606
17876
15236
16810
30513
6358
16546
16922
10777
3157
6352
6659
11657
27200
22494
14989
11063
19260
17389
19797
26892
11089
2729
9977
14022
7509
3654
22115
6480
18713
1596
23766
20444
8277
28609
23226
3782
30291
2571
15655
3113
26206
23106
14387
14909
13546
29511
6652
19319
6016
32039
17012
23646
3952
14429
19439
24367
17204
30923
12398
9520
678
21623
30633
8660
25058
518
14814
17300
5881
8953
860
32392
1626
30121
25806
25799
10753
11011
15432
26756
16221
23556
787
9189
26626
23283
11321
17058
10515
23650
24527
26978
30061
13282
7941
14038
11924
8329
7407
14993
18526
25893
22544
32174
31585
10301
16555
31008
12829
22475
30666
5591
7402
3260
29451
4760
6304
10787
4397
27545
21512
13377
27486
8159
24581
6966
28482
28760
5762
30083
3523
29880
1051
26183
2715
8724
16523
11061
14499
7999
25048
3672
11993
744
30272
14214
16946
22384
12513
6565
20517
140
13612
30625
9716
24223
11528
15657
4280
19412
5573
10028
25140
20223
28615
30743
30294
8241
15599
13259
1420
23325
31176
8032
20429
31534
32118
156
27746
32100
27743
22833
19064
17394
10646
6586
11879
6041
29452
2164
14272
25282
5237
22460
15385
606
23803
10316
663
18558
17318
29493
11328
3249
26246
6044
21758
26145
20645
2100
14706
27500
12976
21631
28030
5187
31327
2500
28561
6341
29866
10191
9393
27289
26282
9579
2378
9165
18767
16544
8888
1906
5063
5805
32150
28660
16553
16324
17604
18234
31205
27272
15674
25729
5997
13127
12944
27640
23711
13047
8265
3100
8313
498
9187
13522
19579
10865
927
9286
24155
18122
22032
25989
22635
18281
5734
7388
19659
7312
12664
15856
28494
16334
22419
1946
23085
22848
7940
24968
29038
31883
17255
30613
4370
14741
3502
12003
29185
32006
12528
20670
29110
31874
10231
1840
10410
10915
24456
1892
31618
28344
14704
1467
4855
7231
13395
20400
26249
26148
17460
10092
17891
18872
10179
15656
3341
11632
18026
25159
28500
12130
25366
21039
1273
24447
12230
11499
1948
24977
3540
32642
26982
13044
1798
30228
13049
4116
19284
5050
21529
13738
16247
3099
21271
31157
26678
6862
1793
30778
15984
29812
18571
20412
14312
11664
17852
10619
4307
13101
25688
2412
8739
12590
24337
8699
20625
627
2412
10115
24685
1713
26228
24457
14885
31246
32290
26556
27543
10879
7559
28845
29206
9954
28095
26702
6462
17370
3478
20524
31352
4718
6647
15212
26956
9313
20761
12423
22634
14927
15463
27333
886
14220
3379
14203
27030
30652
6171
27396
25789
25138
6967
10624
27062
22281
15112
32591
15600
20997
25120
1356
10252
24359
28561
3273
31783
15634
24598
3919
27879
18720
24068
24082
4167
4419
25582
19766
3875
10142
24091
22212
21123
5087
30377
29034
14759
32354
30845
5878
9430
28935
29938
13969
24807
18895
6205
3771
16268
15161
22690
11018
26722
30303
27736
418
11961
23247
12861
27763
30755
18474
31034
31286
32702
28031
21108
21285
577
12901
23095
11645
7881
5594
9123
3508
30817
7903
13076
20090
25683
15055
13139
11378
12593
9603
20862
20909
21154
14120
27575
7403
32238
13275
32399
8336
839
30985
32049
5479
28637
9353
78
15642
17568
4470
30668
28781
19923
18126
19246
21822
26453
13260
5313
30781
14766
22021
25484
18027
15324
9540
12277
8788
1500
24871
28467
4363
16375
7286
29047
15082
15057
8774
30426
15367
31795
4306
9989
117
19603
17940
22434
10303
4457
31271
19846
12069
49
9052
25755
21524
30270
30
19087
31847
325
25222
14398
3808
25765
6589
21984
612
10103
5397
13810
7290
30554
7398
4837
7042
27643
15658
15241
18613
30567
15832
23096
11744
3856
17665
706
27360
22944
32427
13084
26332
28033
26225
12999
22853
27689
3799
32002
26255
1574
622
8623
19628
13293
6827
18693
23373
12130
26760
17915
13271
31271
2776
25456
3367
31909
3691
22554
30470
2523
13285
3381
22891
21481
14175
9191
11123
7515
30139
25973
7713
13110
3015
2600
14037
31685
19225
765
5518
9760
8356
12815
25311
18049
18718
15813
8626
27462
28434
27323
24768
30405
3780
10354
1996
18900
15304
15542
15522
2835
9313
14803
7123
5888
28314
11127
16685
25784
19238
9829
23549
27534
23033
9951
19204
21837
15523
27088
31802
2381
29295
11453
3140
23608
23103
106
25015
28826
30245
6732
16394
5162
19650
20658
3677
9690
1119
11697
19948
20640
5069
17620
31825
9986
9468
14208
23933
27492
1374
5161
26997
4369
16377
31799
22988
16907
15694
15542
4836
30099
1262
17856
25827
25463
31957
11434
24695
24606
17037
9457
15178
27988
31235
7139
68
3030
11816
25357
1924
6557
8007
5480
29212
18667
6953
9026
9614
31766
15082
12526
778
4631
8857
13355
22117
28626
7827
31829
14553
21027
15004
4429
25471
13484
11970
5417
11661
22881
15858
5276
12879
15568
25175
29220
23271
817
25462
22518
18372
10802
12811
23721
21987
2943
9633
18084
15304
31763
30707
6729
31291
5185
6661
24286
7363
27777
16130
17984
1508
23291
14548
9030
17175
32213
645
23286
9357
7741
5209
15466
5284
14389
23975
27520
27430
13090
123
19013
14404
5906
10990
3359
17237
19152
10816
26044
14670
9898
5050
28862
18176
26621
8006
21027
6933
20869
4042
11382
3016
1126
17737
24247
23655
24057
21689
13579
24202
26199
16802
30755
27409
7080
13691
1902
28383
9769
20676
27134
1880
16638
29154
571
27291
25533
3519
20554
6015
30902
30238
28475
2383
11268
10686
14581
27462
8021
2614
15585
1993
3705
5003
30041
28518
12459
29074
26575
5008
25250
3849
7101
20760
25943
31347
5200
9835
15765
15543
14548
4494
66
32119
22494
20954
5999
4401
12603
2423
19489
19736
12956
31385
8413
15536
21245
23677
18677
5420
14554
1058
18581
647
5905
23752
2445
10852
27797
27690
28892
167
4825
24186
16640
18895
18166
22048
21760
26394
6562
31539
53
18519
29137
1716
7900
8073
3624
17805
9053
12864
12582
20300
11353
25783
25618
27806
28534
23214
31906
27022
1258
18950
20848
20347
24520
23326
18717
17115
32525
13040
12354
178
9066
746
539
14288
5583
14989
4082
14797
19132
14023
13133
16325
28231
2833
30423
16084
9452
16456
25103
2128
3351
9548
21426
12745
19827
3419
5865
194
15344
6187
7986
22060
27030
24521
5904
21926
7949
10292
11634
17527
5608
27832
19941
23623
31413
26380
12152
3488
965
27691
26227
28200
10428
15091
25783
20124
18135
6270
5363
13452
15872
22084
31884
13273
21139
7661
4169
25582
24558
7927
10178
27841
10171
31244
15238
26504
18941
1568
23055
3900
12763
19278
32614
31951
815
20336
15254
27436
21710
4224
21458
16114
17301
18610
19045
19952
10808
22605
31070
8800
2506
29005
11255
13796
28428
24762
25289
24642
24693
4550
11954
30174
8453
9897
20098
20987
21450
17213
31592
18609
19503
25945
4127
15533
5896
26349
30424
21675
2141
1506
2534
3252
23034
3503
21292
7960
9907
32443
22086
299
20087
20342
20858
28607
3868
9013
8541
18277
24036
4817
13125
9314
19922
25343
12914
1651
3759
17518
23547
29761
20699
31139
9594
23202
6612
32404
8823
9110
21896
3590
21653
16636
12379
8358
21118
10007
1526
16874
29072
29381
28885
22181
24132
14201
18063
12653
20322
12541
3300
4269
16359
21738
13193
25224
23474
32738
7858
27252
2801
14996
20067
9363
18509
21101
11895
720
11736
16926
23405
24510
25778
9683
26614
17200
25471
14125
28479
21656
10121
3331
32766
5921
21684
6877
11326
19338
26661
11308
18923
5064
27057
22347
12317
13403
18439
9270
32036
3948
19358
25357
12632
13740
19548
28230
10909
10475
5643
21685
19640
11386
10108
10045
25173
16194
14457
26196
724
7073
12908
19256
2263
22792
2000
26867
25997
2901
5723
24847
23739
31729
32744
10266
30095
22697
9766
5592
11300
29773
13571
15691
12244
29963
26582
18531
14913
3209
30031
21381
19234
5572
19999
1214
21711
13483
6758
23236
9611
21370
8672
28592
6547
6615
2767
11133
25066
14767
7080
8768
27618
11727
27517
6693
13674
17986
11565
29997
6683
7789
333
31401
25857
22763
31445
15478
13097
15657
17035
5110
29423
4801
1328
29393
3076
22167
6251
880
31810
9654
633
21814
29999
31208
20626
4220
18003
5143
26650
28243
8250
12390
16013
28665
31815
24591
9255
4631
13631
9467
3414
30656
7313
11043
1760
18730
6246
15273
16596
16938
5741
17845
23602
11377
24420
6416
26458
16777
5989
11907
13621
12429
30454
6637
31525
17323
2254
551
25005
24923
30824
15000
29664
25948
15690
23191
6539
3443
12050
28292
2081
30179
20037
7844
22123
25003
19927
26560
7916
19074
10618
16765
23829
29843
21671
20090
28973
504
20077
29228
30462
16888
9724
26744
23360
14337
15344
15125
23495
5732
19551
12448
24172
10450
3489
4476
19131
27290
28642
24176
21089
17568
18792
21758
21587
12061
31653
23940
18111
13080
23804
16149
21428
1960
29523
13589
5264
18150
19293
17046
6189
30388
30885
24437
8138
24881
2649
23348
16059
30968
220
4502
18640
17691
4105
19709
15239
4322
14920
29315
3569
23363
4179
21466
4964
16929
8646
17124
23782
25925
27240
17169
17748
32029
18492
29820
5206
8503
17990
5317
25603
31355
18461
12717
13651
23851
25141
26995
24392
1692
27369
21744
17628
31410
4171
30580
32169
15644
32428
20575
23898
25173
25578
27263
1493
13398
23420
1325
28710
26395
3902
13094
6186
6364
6397
2858
14080
6664
28866
18007
14383
14593
29663
26690
21911
3482
20666
19674
1561
82
25436
14333
11014
2381
20153
17111
10312
25366
24253
17151
21331
11543
32539
1872
25801
14804
21205
1671
22768
1258
14474
23457
27348
3275
18306
11250
5691
3126
4474
21253
19533
20345
13616
28727
18176
8550
3503
12818
10053
3095
2648
31594
18932
26977
31668
15930
32632
32537
24827
10300
4666
8969
611
32074
18382
8880
25642
15223
18656
27325
24162
25836
7133
10826
25984
2948
7777
28121
20386
31271
10595
28175
8868
6119
19490
3634
14049
24796
18894
18020
15049
4288
17911
30109
25383
23369
19382
22378
21551
20042
7070
6503
3915
14728
27744
19581
29090
14429
2624
11740
3948
14607
315
951
30713
7662
15861
2498
11898
21551
20836
10605
25494
31883
17215
31197
15277
407
7972
17327
11754
14306
10380
1132
18443
25552
24943
11722
25328
16697
20406
7336
5093
26817
11621
967
26287
12021
28549
17994
11352
22826
20434
32236
27322
17430
17705
10499
14542
22571
5808
15416
5042
26551
30147
5123
30844
21181
19106
489
20161
3217
8155
29045
28643
24373
22648
24824
22302
2166
7401
10752
18001
3270
10928
21913
27534
23512
29390
30790
21344
8958
13041
20925
13279
26946
30042
11366
23668
20806
9104
14482
22125
7388
6086
24443
576
20068
22797
18944
15775
1001
28218
5917
24127
26618
29589
32300
3432
21578
24390
22749
20541
519
8320
20726
18633
25594
1386
11723
31693
1635
5074
32125
10060
4242
16529
5618
30162
17477
12732
10648
6792
5829
30607
27609
8697
16319
26650
348
930
23011
2473
14338
16444
28990
14324
17051
6344
7000
28683
29804
10847
29965
28416
14433
31414
8748
3922
16402
16755
10961
4380
9848
31283
21122
14594
620
2904
17676
29142
9443
3475
13596
23822
32491
53
18588
32231
27492
30261
28371
27477
22655
2048
31803
13489
3320
5636
10273
25889
1299
10235
18431
20934
9048
29943
25753
7849
12557
24626
1242
9827
27256
30355
19052
12430
4817
14592
15385
8942
19465
16230
23012
6495
11838
137
22246
4222
23289
19084
5354
3863
2093
14400
15816
31314
16112
12077
5762
156
18934
12897
26656
18263
4050
5627
6731
18240
21741
24437
23468
932
8514
24245
29698
2114
17887
19411
7173
23039
15899
30120
30462
17996
26776
19739
2595
15704
21495
22827
19892
8949
7006
24508
13270
16970
3755
20257
16690
20542
8821
13421
4941
10399
25543
19065
28837
12822
27547
28085
16017
5323
3608
176
30934
12248
16779
3429
1800
31087
31015
12107
2983
13770
28541
4635
2293
12502
7353
4447
30616
26270
21666
17599
10996
18040
18511
1291
8006
31986
26538
13831
3457
28796
24230
24826
24809
23762
10816
27637
27248
14639
311
31204
28115
21811
3210
16214
25716
22673
11190
22540
4598
4472
16556
26947
18075
15815
16276
7361
27485
15088
32324
16545
13261
18599
32639
6111
4527
19027
13805
10147
18003
13106
31454
3406
11697
2378
13503
10565
8012
11027
26968
10880
195
17382
14283
18129
26167
6947
30285
11253
23649
10789
28577
30044
14446
9447
31833
12984
2465
24947
29644
19271
2215
18958
12502
18913
8377
17957
9810
24001
28276
17910
16216
7187
20600
23806
1847
20033
26050
5925
21809
22782
5578
29868
30713
2063
32348
14546
7405
19164
25399
30537
28435
11706
31591
3164
10709
7157
14434
27613
7037
13984
25317
29392
21359
19486
10636
10200
30760
15468
32052
5733
250
22068
22288
12443
20356
30865
17550
25601
25843
1443
21735
19694
12028
29138
17544
13492
10389
31715
548
18057
19062
22972
27030
10041
1875
26103
20600
23438
20438
6697
16515
10619
23134
25071
31661
24587
10874
4796
9724
12812
5156
5221
12588
3962
14013
1641
26116
10669
11212
28162
10104
3650
25974
14573
19327
1227
30909
8440
9650
6966
20345
15440
8106
3326
32278
18055
31510
28947
14611
28264
6558
23178
9782
13435
26235
22532
1423
9814
15827
32224
28211
682
28118
26400
6838
4617
11673
22812
357
16504
9653
30185
13384
17337
26271
10631
17627
23125
26821
15820
10118
28523
29294
16660
21218
12091
32590
11174
5802
22642
1516
28645
26243
22067
14004
24891
5228
28393
4315
7621
14083
5071
26871
26302
14205
7484
15706
5037
17251
32687
29746
3150
7693
17823
24417
30018
3552
23039
8733
31605
24903
28563
21575
27219
18290
4341
32652
30890
30929
9574
21054
30813
27471
30294
9200
21710
3663
433
10195
3081
19047
9455
26835
3761
16607
27866
27505
12971
1767
5662
4447
9356
22684
2707
6877
963
32697
26441
25046
5510
27165
22359
10937
14973
11265
20323
10009
4913
27125
30193
1539
32563
26271
17517
11811
25356
12339
11510
32150
24808
10673
20720
11148
28673
27618
5192
10149
32461
14864
6534
4873
3046
1672
29332
12101
25021
17104
4688
24297
24831
30633
19155
5090
1475
24771
25727
18328
4984
2114
6603
22726
5009
7669
974
27421
4845
1617
17292
9368
18952
23855
29700
25757
7140
26698
12533
20697
6069
13686
15988
21464
26959
24737
7471
26983
25680
15755
6014
21674
5645
24901
4911
7164
2621
18283
13326
26249
11879
3872
6966
6061
13
3022
20251
17419
29078
9627
6227
23662
12796
17834
24359
10847
17210
18966
21981
31370
2931
15791
31683
4305
19682
20338
17659
16941
12421
17866
29450
20553
20361
27017
27167
25309
26484
9381
3875
15051
9492
20658
31364
31482
12843
28963
3009
8950
29143
21825
10678
5956
6083
24039
15269
21382
1552
25346
9992
8788
7681
29900
24089
30420
28521
29891
19229
17439
29396
17004
9332
28244
14968
30665
30050
12664
17882
29083
26523
6676
25664
8024
6544
27532
20954
22251
3452
4161
31663
10286
32045
28518
5704
27687
7827
17571
29471
3078
9482
21867
16582
15322
2919
8222
8664
9495
29380
24798
18080
15560
8716
2097
30091
16788
29253
32603
11854
7538
13216
22137
21462
10028
22338
14429
2292
32661
27088
16429
11205
1673
10941
3258
7138
9129
19539
11681
14157
24275
10370
17956
14870
1124
30316
454
27856
20781
19628
13992
19895
25142
31850
20902
8350
25653
4384
26673
4506
16076
297
3050
22129
14214
23310
15364
31424
18576
31632
4182
17134
10039
6261
31299
20948
13861
11283
14154
32041
24411
3485
20844
31919
4589
16944
18753
24607
24449
21149
17881
30677
30086
12788
26195
7227
28211
213
4415
32759
13638
14710
23989
30932
31865
4211
29234
27505
31684
5721
30006
17836
31062
26097
27550
13260
21841
27468
8385
31856
5448
3987
29773
12091
11129
21899
10720
4669
30154
13035
5734
31264
12421
12894
18229
30999
22739
10838
32489
4230
15098
5270
9217
20849
10326
21118
32054
6054
4376
27157
22431
19370
32194
2008
29318
22373
9310
20805
19720
14733
5505
21542
12654
25554
15619
7838
6734
20430
12923
19445
19809
30379
5501
4643
18467
6034
29075
7198
23085
30935
26108
15587
2386
4069
3367
18247
7035
15339
24557
5755
25155
32579
4241
4960
9297
25511
6521
17040
16505
29970
31659
10024
26258
32631
26886
1623
533
31525
22085
22440
12922
21493
12467
28175
27987
30521
13230
9653
9765
21604
6622
8835
6153
15481
9779
27504
3335
19509
16544
28299
16173
19707
8857
14791
12147
14468
20301
29834
3663
19267
21411
26100
4630
20889
2550
5103
22297
7101
23953
18171
9595
17513
18921
32439
14548
13893
4509
9006
25991
7188
26926
32487
14307
10145
4478
19883
26876
23399
7690
27668
17735
17155
25319
29658
24824
18010
18046
20701
13852
906
29447
6898
2165
23442
9158
16494
11033
7616
2568
19827
969
32222
1500
23549
26642
16667
11922
30891
12326
19899
26357
2126
7032
2430
31047
31283
25369
13009
30465
21296
5589
8375
22599
23921
6668
5494
5933
2304
29010
4097
17068
18709
6598
18473
17762
31267
10547
16770
23565
7327
32232
8470
30662
28814
8535
12748
2045
15829
14448
17302
26680
21824
7611
20830
28043
5712
312
6574
20438
1477
10743
5665
27329
16622
13686
32141
4728
22963
28861
15598
30759
26463
10043
4881
23092
22574
863
15109
31807
20378
23798
20801
8923
7526
4423
24469
3849
6503
16624
15314
13689
28693
3966
9528
11647
11221
16591
19620
5078
1796
20520
13174
23832
21187
23830
3395
21497
32389
2565
4160
16199
3161
10402
24681
27554
32248
20464
372
5371
1678
14380
31609
27597
3401
30818
7774
12830
19618
459
4100
11316
6766
29933
4403
24856
9379
11377
9542
26316
12011
6595
2198
13899
7403
20332
8615
17221
21840
21807
22805
21399
18846
8677
1084
21132
11959
22296
20138
7126
12846
6754
20038
31306
14409
10372
11837
22111
28376
32325
7344
20580
16568
13073
26398
17028
30246
24909
29075
26236
3525
14459
29838
6934
6765
5394
11699
1388
12729
14875
28469
2526
14159
2187
14849
22736
4334
20579
20139
2852
3897
6026
24857
2683
5957
29285
23282
16683
22756
19004
22724
19966
7599
11596
19959
14256
31957
1196
31605
23591
32678
19424
9495
6000
735
9791
12750
24190
24755
28165
8854
18849
12190
6455
3099
19143
8681
4154
32552
2934
20987
21042
3027
11909
1894
795
19306
29085
16557
16298
7452
27251
3543
21217
359
23491
1973
10612
16453
24075
28658
7903
17942
22541
17887
68
25420
770
23548
24838
23256
30366
14917
7462
27480
30920
22851
9568
16125
3350
462
28932
28221
10
23970
12694
318
27150
1193
9253
7166
26161
4866
7275
16706
30879
5076
9642
22596
24802
19670
21825
24859
21467
13978
11024
1002
22910
11676
7058
26313
19025
10254
8115
30323
10402
31841
26230
3508
20875
1171
1096
10128
16807
10811
15393
2099
27025
10070
15968
2205
20000
1999
31075
28938
28773
14288
22505
3618
14689
10955
2345
27877
25990
26439
11950
26964
11252
875
3065
31712
7536
24139
5077
29076
30500
8694
28536
31489
25881
23100
23390
15853
28789
11327
30181
21946
5492
31425
23465
28312
15655
807
11677
26474
5871
16208
23790
9849
3513
6168
22680
3291
21751
