1838
758
113
2515
1051
627
3010
2419
1212
4086
2749
2767
4084
2060
2225
2543
89
1183
137
566
1966
4978
495
311
1367
54
2031
3145
4882
736
524
3505
3394
2102
4851
4067
2754
1653
1561
2096
3628
188
2085
4143
1967
1406
4165
3403
562
4834
1353
920
444
4803
2962
4318
1422
1327
457
1945
4479
4983
3751
3894
3670
3259
1248
2757
629
3306
3606
3990
1738
2516
1414
262
2116
2825
3181
3134
343
3022
1233
2536
4760
4979
4071
1201
1336
3061
2160
4005
729
2644
2475
1693
514
4139
2088
1521
202
4171
4434
3317
4582
1815
4586
4653
1306
2174
3451
3448
1473
2434
3193
4110
4748
3210
4320
2049
2956
4162
4166
4997
2793
2310
1391
4799
2926
4905
885
2582
610
0
3052
965
120
2380
639
1204
4385
2475
725
2265
3214
4471
1376
4697
543
3297
4619
3087
3123
1549
3065
4256
3973
901
613
1157
4899
4267
2413
4598
3526
3711
46
4566
3536
988
4878
3626
4273
3387
1171
2017
3752
2388
1191
1483
3122
1744
3528
585
363
159
641
3176
4575
3578
2363
2685
4344
4489
2713
511
1461
2626
3645
3496
1703
1270
3870
1529
2499
4500
3607
808
725
2457
1542
1474
1531
2222
3952
2024
4894
4015
3247
1276
1278
4365
3746
1976
3092
851
4088
4163
2231
1233
4732
1106
411
4874
448
4344
2589
2574
1191
1789
695
1735
364
2040
2892
35
1979
1092
850
2390
195
668
531
4989
2281
3902
2970
2186
4571
3680
2261
1187
3529
4190
446
4233
3708
1863
1681
1001
2499
3786
214
829
1322
907
4628
3192
2505
990
129
875
4829
1591
2388
1042
4833
1775
4719
342
3994
1392
509
1313
677
1282
1511
4795
3474
1469
2750
879
989
134
4752
3364
4880
629
2235
1332
4145
3356
243
3079
3988
807
4979
1357
914
1187
3540
4022
149
609
4009
4833
1696
432
4999
3863
1369
3676
4077
2701
1691
4840
3703
1515
2229
2420
4817
1264
4324
4343
1462
3929
3546
2043
3967
325
2683
634
1322
1642
395
1612
2864
4910
1985
3126
3988
685
1978
1050
1476
1365
1126
4193
3681
1011
3058
1249
1247
4731
3650
774
2980
833
2868
2778
3624
1115
1645
892
4408
2939
2285
1202
3018
1334
4058
2062
3784
1901
1684
4289
2141
1702
1853
3458
3528
3363
1087
4052
1235
109
2075
1755
675
288
2053
4157
758
222
2488
3945
294
1200
171
4305
2951
1601
3608
2214
1377
3865
369
2215
3030
177
1849
1337
2699
3099
3531
1517
2567
3479
4966
2597
4885
2341
227
2149
785
4615
1476
753
4236
2730
4668
1210
2519
2608
142
1999
449
4246
3638
2941
2481
3726
1738
1047
3947
3300
1639
2996
3866
4785
2571
356
2633
2289
551
312
4426
2357
3056
1252
410
2384
4353
2029
3579
2882
1882
1577
1368
1502
3902
1012
1365
379
4256
4244
2870
3365
4619
2665
